15 50 60 24
0 0 0
0 0 1
0 1 0
0 1 1
1 0 0
1 0 1
1 1 0
1 1 1
0 1/2 1/2
1 1/2 1/2
1/2 0 1/2
1/2 1 1/2
1/2 1/2 0
1/2 1/2 1
1/2 1/2 1/2
1 2
1 3
1 5
2 4
2 6
3 4
3 7
4 8
5 6
5 7
6 8
7 8
1 9
2 9
3 9
4 9
5 10
6 10
7 10
8 10
1 11
2 11
5 11
6 11
3 12
4 12
7 12
8 12
1 13
3 13
5 13
7 13
2 14
4 14
6 14
8 14
1 15
2 15
3 15
4 15
5 15
6 15
7 15
8 15
9 15
10 15
11 15
12 15
13 15
14 15
1 2 9
1 3 9
2 4 9
3 4 9
5 6 10
5 7 10
6 8 10
7 8 10
1 2 11
1 5 11
2 6 11
5 6 11
3 4 12
3 7 12
4 8 12
7 8 12
1 3 13
1 5 13
3 7 13
5 7 13
2 4 14
2 6 14
4 8 14
6 8 14
1 2 15
1 3 15
1 5 15
2 4 15
2 6 15
3 4 15
3 7 15
4 8 15
5 6 15
5 7 15
6 8 15
7 8 15
1 9 15
2 9 15
3 9 15
4 9 15
5 10 15
6 10 15
7 10 15
8 10 15
1 11 15
2 11 15
5 11 15
6 11 15
3 12 15
4 12 15
7 12 15
8 12 15
1 13 15
3 13 15
5 13 15
7 13 15
2 14 15
4 14 15
6 14 15
8 14 15
1 2 9 15
1 3 9 15
2 4 9 15
3 4 9 15
5 6 10 15
5 7 10 15
6 8 10 15
7 8 10 15
1 2 11 15
1 5 11 15
2 6 11 15
5 6 11 15
3 4 12 15
3 7 12 15
4 8 12 15
7 8 12 15
1 3 13 15
1 5 13 15
3 7 13 15
5 7 13 15
2 4 14 15
2 6 14 15
4 8 14 15
6 8 14 15