27 74 72 24
0 0 0
0 0 1
0 1 0
0 1 1
1 0 0
1 0 1
1 1 0
1 1 1
0 1/2 1/2
1 1/2 1/2
1/2 0 1/2
1/2 1 1/2
1/2 1/2 0
1/2 1/2 1
1/2 1/2 1/2
1/2 0 0
1/2 1 0
0 1/2 0
1 1/2 0
1/2 0 1
1/2 1 1
0 1/2 1
1 1/2 1
0 0 1/2
1 0 1/2
0 1 1/2
1 1 1/2
1 24
2 24
1 18
3 18
1 16
5 16
2 22
4 22
2 20
6 20
3 26
4 26
3 17
7 17
4 21
8 21
5 25
6 25
5 19
7 19
6 23
8 23
7 27
8 27
9 18
9 22
9 24
9 26
10 19
10 23
10 25
10 27
11 16
11 20
11 24
11 25
12 17
12 21
12 26
12 27
13 16
13 17
13 18
13 19
14 20
14 21
14 22
14 23
1 15
2 15
3 15
4 15
5 15
6 15
7 15
8 15
9 15
10 15
11 15
12 15
13 15
14 15
16 15
17 15
18 15
19 15
20 15
21 15
22 15
23 15
24 15
25 15
26 15
27 15
1 24 15
2 24 15
1 18 15
3 18 15
1 16 15
5 16 15
2 22 15
4 22 15
2 20 15
6 20 15
3 26 15
4 26 15
3 17 15
7 17 15
4 21 15
8 21 15
5 25 15
6 25 15
5 19 15
7 19 15
6 23 15
8 23 15
7 27 15
8 27 15
9 18 15
9 22 15
9 24 15
9 26 15
10 19 15
10 23 15
10 25 15
10 27 15
11 16 15
11 20 15
11 24 15
11 25 15
12 17 15
12 21 15
12 26 15
12 27 15
13 16 15
13 17 15
13 18 15
13 19 15
14 20 15
14 21 15
14 22 15
14 23 15
1 18 9 24
3 18 9 26
2 22 9 24
4 22 9 26
5 19 10 25
7 19 10 27
6 23 10 25
8 23 10 27
1 24 11 16
5 26 11 16
2 20 11 24
6 25 11 20
3 26 12 17
7 27 12 17
4 26 12 21
8 27 12 21
1 16 13 18
3 17 13 18
5 16 13 19
7 17 13 19
2 20 14 22
4 21 14 22
6 20 14 23
8 21 14 23
1 18 9 24 15
3 18 9 26 15
2 22 9 24 15
4 22 9 26 15
5 19 10 25 15
7 19 10 27 15
6 23 10 25 15
8 23 10 27 15
1 24 11 16 15
5 26 11 16 15
2 20 11 24 15
6 25 11 20 15
3 26 12 17 15
7 27 12 17 15
4 26 12 21 15
8 27 12 21 15
1 16 13 18 15
3 17 13 18 15
5 16 13 19 15
7 17 13 19 15
2 20 14 22 15
4 21 14 22 15
6 20 14 23 15
8 21 14 23 15