27 98 120 48
0 0 0
0 0 1
0 1 0
0 1 1
1 0 0
1 0 1
1 1 0
1 1 1
0 1/2 1/2
1 1/2 1/2
1/2 0 1/2
1/2 1 1/2
1/2 1/2 0
1/2 1/2 1
1/2 1/2 1/2
1/2 0 0
1/2 1 0
0 1/2 0
1 1/2 0
1/2 0 1
1/2 1 1
0 1/2 1
1 1/2 1
0 0 1/2
1 0 1/2
0 1 1/2
1 1 1/2
1 24
2 24
1 18
3 18
1 16
5 16
2 22
4 22
2 20
6 20
3 26
4 26
3 17
7 17
4 21
8 21
5 25
6 25
5 19
7 19
6 23
8 23
7 27
8 27
9 1
9 2
9 3
9 4
9 18
9 22
9 24
9 26
10 5
10 6
10 7
10 8
10 19
10 23
10 25
10 27
11 1
11 2
11 5
11 6
11 16
11 20
11 24
11 25
12 3
12 4
12 7
12 8
12 17
12 21
12 26
12 27
13 1
13 3
13 5
13 7
13 16
13 17
13 18
13 19
14 2
14 4
14 6
14 8
14 20
14 21
14 22
14 23
1 15
2 15
3 15
4 15
5 15
6 15
7 15
8 15
9 15
10 15
11 15
12 15
13 15
14 15
16 15
17 15
18 15
19 15
20 15
21 15
22 15
23 15
24 15
25 15
26 15
27 15
9 1 18
9 1 24
9 2 22
9 2 24
9 3 18
9 3 26
9 4 22
9 4 26
10 5 19
10 5 25
10 6 23
10 6 25
10 7 19
10 7 27
10 8 23
10 8 27
11 1 16
11 1 24
11 2 20
11 2 24
11 5 16
11 5 25
11 6 20
11 6 25
12 3 17
12 3 26
12 4 21
12 4 26
12 7 17
12 7 27
12 8 21
12 8 27
13 1 16
13 1 18
13 3 17
13 3 18
13 5 16
13 5 19
13 7 17
13 7 19
14 2 20
14 2 22
14 4 21
14 4 22
14 6 20
14 6 23
14 8 21
14 8 23
1 24 15
2 24 15
1 18 15
3 18 15
1 16 15
5 16 15
2 22 15
4 22 15
2 20 15
6 20 15
3 26 15
4 26 15
3 17 15
7 17 15
4 21 15
8 21 15
5 25 15
6 25 15
5 19 15
7 19 15
6 23 15
8 23 15
7 27 15
8 27 15
9 1 15
9 2 15
9 3 15
9 4 15
9 18 15
9 22 15
9 24 15
9 26 15
10 5 15
10 6 15
10 7 15
10 8 15
10 19 15
10 23 15
10 25 15
10 27 15
11 1 15
11 2 15
11 5 15
11 6 15
11 16 15
11 20 15
11 24 15
11 25 15
12 3 15
12 4 15
12 7 15
12 8 15
12 17 15
12 21 15
12 26 15
12 27 15
13 1 15
13 3 15
13 5 15
13 7 15
13 16 15
13 17 15
13 18 15
13 19 15
14 2 15
14 4 15
14 6 15
14 8 15
14 20 15
14 21 15
14 22 15
14 23 15
9 1 18 15
9 1 24 15
9 2 22 15
9 2 24 15
9 3 18 15
9 3 26 15
9 4 22 15
9 4 26 15
10 5 19 15
10 5 25 15
10 6 23 15
10 6 25 15
10 7 19 15
10 7 27 15
10 8 23 15
10 8 27 15
11 1 16 15
11 1 24 15
11 2 20 15
11 2 24 15
11 5 16 15
11 5 25 15
11 6 20 15
11 6 25 15
12 3 17 15
12 3 26 15
12 4 21 15
12 4 26 15
12 7 17 15
12 7 27 15
12 8 21 15
12 8 27 15
13 1 16 15
13 1 18 15
13 3 17 15
13 3 18 15
13 5 16 15
13 5 19 15
13 7 17 15
13 7 19 15
14 2 20 15
14 2 22 15
14 4 21 15
14 4 22 15
14 6 20 15
14 6 23 15
14 8 21 15
14 8 23 15