13 16 4
    0                 0
    1                 0
    1                 1
    0                 1
    (7-sqrt(7))/12    (1-sqrt(7))/12
    (5+sqrt(7))/12    (sqrt(7)-1)/12
    (11+sqrt(7))/12   (7-sqrt(7))/12
    (13-sqrt(7))/12   (5+sqrt(7))/12
    (5+sqrt(7))/12    (11+sqrt(7))/12
    (7-sqrt(7))/12    (13-sqrt(7))/12
    (1-sqrt(7))/12    (5+sqrt(7))/12
    (sqrt(7)-1)/12    (7-sqrt(7))/12
    1/2               1/2
1 5
1 12
2 6
2 7
3 8
3 9
4 10
4 11
5 6
7 8
9 10
11 12
6 13
8 13
10 13
12 13
1 5 6 13 12
2 7 8 13 6
3 9 10 13 8
4 11 12 13 10
1 0
0 1
